2.668947559646360837e-02
1.120740594839472193e-01
1.921233902365977741e-01
3.284910965323336596e-01
4.541795665634674739e-01
5.601296914914521974e-01
6.636454073173427837e-01
7.479251827077914028e-01
8.117270478684708301e-01
8.602326724561690785e-01
8.905547226386806292e-01
9.237140366172623684e-01
9.511173184357541999e-01
9.602888086642599186e-01
9.664179104477611526e-01
9.716835949522930616e-01
9.806430446194225325e-01
9.855532064834390260e-01
9.859594383775350801e-01
9.896179401993355773e-01
9.930100480559196363e-01
9.913321167883211160e-01
9.946131243878550965e-01
9.956733369388859334e-01
9.973319103521878226e-01
9.954597048808172532e-01
9.934980494148244468e-01
9.966216216216216006e-01
9.972489683631361457e-01
9.955882352941176627e-01
9.975942261427426239e-01
1.000000000000000000e+00
9.974554707379135188e-01
9.982425307557117877e-01
9.980506822612085216e-01
9.976744186046511143e-01
9.977653631284916225e-01
1.000000000000000000e+00
1.000000000000000000e+00
1.000000000000000000e+00
1.000000000000000000e+00
9.971428571428571086e-01
1.000000000000000000e+00
1.000000000000000000e+00
1.000000000000000000e+00
9.962192816635160320e-01
9.952038369304556653e-01
9.974293059125963756e-01
1.000000000000000000e+00
9.967741935483871440e-01
9.968553459119496862e-01
9.966442953020133722e-01
1.000000000000000000e+00
9.959514170040485448e-01
1.000000000000000000e+00
1.000000000000000000e+00
1.000000000000000000e+00
1.000000000000000000e+00
1.000000000000000000e+00
1.000000000000000000e+00
1.000000000000000000e+00
1.000000000000000000e+00
9.866666666666666918e-01
1.000000000000000000e+00
1.000000000000000000e+00
1.000000000000000000e+00
1.000000000000000000e+00
1.000000000000000000e+00
1.000000000000000000e+00
1.000000000000000000e+00
1.000000000000000000e+00
1.000000000000000000e+00
1.000000000000000000e+00
1.000000000000000000e+00
1.000000000000000000e+00
1.000000000000000000e+00
1.000000000000000000e+00
1.000000000000000000e+00
1.000000000000000000e+00
1.000000000000000000e+00
1.000000000000000000e+00
1.000000000000000000e+00
1.000000000000000000e+00
1.000000000000000000e+00
0.000000000000000000e+00
1.000000000000000000e+00
1.000000000000000000e+00
1.000000000000000000e+00
1.000000000000000000e+00
0.000000000000000000e+00
0.000000000000000000e+00
0.000000000000000000e+00
0.000000000000000000e+00
0.000000000000000000e+00
0.000000000000000000e+00
0.000000000000000000e+00
1.000000000000000000e+00
0.000000000000000000e+00
0.000000000000000000e+00
0.000000000000000000e+00
