6.605600000000000000e+04
5.077000000000000000e+03
6.678000000000000000e+03
8.536000000000000000e+03
9.690000000000000000e+03
1.017800000000000000e+04
9.047000000000000000e+03
8.073000000000000000e+03
6.873000000000000000e+03
6.103000000000000000e+03
5.336000000000000000e+03
4.588000000000000000e+03
4.296000000000000000e+03
3.878000000000000000e+03
3.484000000000000000e+03
3.249000000000000000e+03
3.048000000000000000e+03
2.838000000000000000e+03
2.564000000000000000e+03
2.408000000000000000e+03
2.289000000000000000e+03
2.192000000000000000e+03
2.042000000000000000e+03
1.849000000000000000e+03
1.874000000000000000e+03
1.762000000000000000e+03
1.538000000000000000e+03
1.480000000000000000e+03
1.454000000000000000e+03
1.360000000000000000e+03
1.247000000000000000e+03
1.251000000000000000e+03
1.179000000000000000e+03
1.138000000000000000e+03
1.026000000000000000e+03
8.600000000000000000e+02
8.950000000000000000e+02
8.000000000000000000e+02
7.490000000000000000e+02
7.210000000000000000e+02
6.900000000000000000e+02
7.000000000000000000e+02
6.200000000000000000e+02
5.390000000000000000e+02
4.780000000000000000e+02
5.290000000000000000e+02
4.170000000000000000e+02
3.890000000000000000e+02
3.830000000000000000e+02
3.100000000000000000e+02
3.180000000000000000e+02
2.980000000000000000e+02
2.630000000000000000e+02
2.470000000000000000e+02
1.980000000000000000e+02
2.200000000000000000e+02
1.520000000000000000e+02
1.370000000000000000e+02
9.600000000000000000e+01
9.300000000000000000e+01
1.010000000000000000e+02
6.900000000000000000e+01
7.500000000000000000e+01
8.200000000000000000e+01
7.800000000000000000e+01
5.400000000000000000e+01
5.300000000000000000e+01
3.700000000000000000e+01
1.200000000000000000e+01
2.800000000000000000e+01
2.300000000000000000e+01
3.500000000000000000e+01
3.400000000000000000e+01
1.500000000000000000e+01
2.000000000000000000e+01
1.900000000000000000e+01
1.500000000000000000e+01
9.000000000000000000e+00
1.200000000000000000e+01
8.000000000000000000e+00
9.000000000000000000e+00
7.000000000000000000e+00
1.000000000000000000e+01
4.000000000000000000e+00
0.000000000000000000e+00
6.000000000000000000e+00
8.000000000000000000e+00
4.000000000000000000e+00
4.000000000000000000e+00
0.000000000000000000e+00
0.000000000000000000e+00
0.000000000000000000e+00
0.000000000000000000e+00
0.000000000000000000e+00
0.000000000000000000e+00
0.000000000000000000e+00
2.000000000000000000e+00
0.000000000000000000e+00
0.000000000000000000e+00
0.000000000000000000e+00
