3.303198887343532925e-02
2.066050717515234836e-01
3.574734955950425452e-01
5.359607063501344859e-01
6.641252833298990632e-01
7.549298538212498855e-01
8.247570671378091633e-01
8.734678717345548682e-01
9.060363636363636397e-01
9.287585981002293156e-01
9.524077196927112077e-01
9.642623665286554901e-01
9.755586592178770999e-01
9.780814853017019139e-01
9.836394948335246413e-01
9.836872883964297154e-01
9.891732283464567121e-01
9.915433403805496981e-01
9.906396255850233867e-01
9.946013289036544913e-01
9.965050240279598182e-01
9.945255474452554534e-01
9.951028403525954413e-01
9.962141698215251084e-01
9.962646744930629961e-01
9.971623155505108249e-01
9.947984395318595352e-01
9.972972972972973249e-01
9.979367262723520815e-01
9.963235294117647189e-01
9.959903769045709288e-01
9.968025579536370362e-01
9.974554707379135188e-01
9.929701230228471509e-01
9.980506822612085216e-01
9.976744186046511143e-01
9.966480446927373782e-01
9.975000000000000533e-01
9.973297730307075781e-01
1.000000000000000000e+00
9.985507246376811308e-01
9.971428571428571086e-01
1.000000000000000000e+00
9.962894248608534786e-01
1.000000000000000000e+00
9.962192816635160320e-01
9.952038369304556653e-01
9.974293059125963756e-01
1.000000000000000000e+00
9.967741935483871440e-01
1.000000000000000000e+00
9.899328859060402275e-01
1.000000000000000000e+00
9.959514170040485448e-01
1.000000000000000000e+00
1.000000000000000000e+00
9.868421052631578538e-01
1.000000000000000000e+00
1.000000000000000000e+00
1.000000000000000000e+00
1.000000000000000000e+00
1.000000000000000000e+00
9.866666666666666918e-01
1.000000000000000000e+00
1.000000000000000000e+00
1.000000000000000000e+00
1.000000000000000000e+00
1.000000000000000000e+00
1.000000000000000000e+00
1.000000000000000000e+00
1.000000000000000000e+00
1.000000000000000000e+00
9.705882352941176405e-01
1.000000000000000000e+00
1.000000000000000000e+00
1.000000000000000000e+00
9.333333333333333481e-01
1.000000000000000000e+00
1.000000000000000000e+00
1.000000000000000000e+00
1.000000000000000000e+00
1.000000000000000000e+00
1.000000000000000000e+00
1.000000000000000000e+00
0.000000000000000000e+00
1.000000000000000000e+00
1.000000000000000000e+00
1.000000000000000000e+00
1.000000000000000000e+00
0.000000000000000000e+00
0.000000000000000000e+00
0.000000000000000000e+00
0.000000000000000000e+00
0.000000000000000000e+00
0.000000000000000000e+00
0.000000000000000000e+00
1.000000000000000000e+00
0.000000000000000000e+00
0.000000000000000000e+00
0.000000000000000000e+00
