11.24798993180735,11.224355752475727,11.207959909408618,8.673387468051606,10.447339996362265,9.744198511202876,8.341180915649707,8.438460520662058,9.344723111905228,6.992846574265355,7.530546147221575,7.357326664482824,10.480175764796833,7.420958555544527,10.166886977113474,6.413341791865925,6.985766535749831,10.165893384062063,6.84437118932462,6.594988531959705,9.921676558046675
11.249750186079226,11.238039223911663,11.229146850756562,11.22714497258488,11.225367777644635,11.223617239882008,11.221760554816395,11.219351512555496,11.216773864941095,11.213540765804986,11.210431229953949,11.206974489620318,11.20081676385654,11.165290253611799,10.821878050843747,9.967035918190076,9.062790820392937,9.638174766930529,8.877038355452566,10.769465551589624,10.050265718953678
11.248093495353723,11.236223891139412,11.228769390727765,11.22618705091385,11.22363736149602,11.219748033883091,11.215074359418486,11.21253599221714,11.20348250599334,11.036544714491969,10.571793298751782,9.964020261368432,9.331036931790482,8.9164131548458,8.44182794772017,8.128522949096874,8.100680940829147,7.731994743164355,7.663085686132169,7.359539150810851,9.469238523477182
11.247373882574015,11.224516362808764,11.216287372211298,8.848900313575427,8.545317360387443,9.08451528061693,6.845337954572976,7.337416496520606,6.563233244533356,7.0510003147795555,7.672093065401998
11.247552987485648,11.224675857982696,11.209129409668163,9.6468843408286,9.21429891708179,8.661378414105302,8.122491923384011,7.738731320292805,7.363883283572456,6.053412036773877,5.463674431029981,4.6858198787457646,5.286191389583551,4.772293106054726,4.826549372353112,4.928312019037363,4.103380842330737,3.916746500581979,3.767800935160238,3.847809219512696,3.6849830638105496
11.247176088083286,11.224760680152967,11.216822974598065,10.692184723985081,9.399531145065357,9.08549949079276,8.546280219532049,7.900187560925469,8.834136344373416,7.036765130564047,6.562727504644912,6.0485759954482985,5.719951858154882,5.204756966795022,6.200913590745042,4.894789127496104,4.547336528857295,4.408771884327118,4.122115097106836,4.063919016347525,4.2908244955653965
11.24809969576022,11.22419209525989,11.209893802484384,11.204244305912297,8.718301536937872,7.6499698474384346,8.828017950819705,8.179639478080189,7.777240166648889,7.068380499038453,6.836046378833418,7.076472574910417,8.652330451880019,6.2155224355264975,5.789574444865266,6.566693837650287,6.019728659060054,5.934063017177887,6.293890884509102,6.009553098830933,5.460376935264173
11.247986577189387,11.241199045516431,11.22928133406959,11.22631325584631,11.224072940814228,11.221848420822582,11.219321570838222,11.216379561744178,11.213460392083604,11.210830627538906,11.208160181015064,11.204510804563284,11.193559274886743,11.062241618244792,10.390586345721358,9.590872540641517,8.94530026981244,8.397731253895135,10.39442268347207,8.656226177946827,8.315440042331195
11.248288904135219,11.225899565334137,11.215379763715944,9.328196694675725,9.334274293515628,9.564017027711715,10.46715813475295,9.59396435734563,10.200677582250236,9.934837635332784,13.453120822723681,13.453099887591963,13.453100993610418,13.453101627362042,13.453099777904182,13.453107072141604,13.453107075188488
11.247635387384092,11.225149693961342,11.219360790313623,9.218875100437444,10.22731651056308,9.631655557467914,9.143226053768073,13.453363836002046,13.453116194508707,9.00640211928005,11.06294007651722
11.247430231624518,11.224715994569822,11.21790040415316,9.03726690798141,8.93668176571782,8.270043639710154,7.973742276334915,8.185840149657032,8.018972610132382,6.195464510506334,6.926395967745552,5.816777946849982,6.5101087466596415,5.775573038826354,6.725193444151467,5.519165086289183,4.672690038102123,4.995628297519379,4.700639100882192,5.435609751996902,4.704456992804433
11.247817539178525,11.225807826739912,11.210846504845177,10.417358209530766,8.839886353038752,8.668885972934028,8.078522769026101,7.247171441587016,10.647420237239558,7.131168883448591,7.430207252502441
11.247727193009739,11.225882231617888,11.220247149848328,10.352569583125009,10.755462494140234,9.791477034267146,9.83851236885729,10.921482936261942,12.183618554672876,13.453107075188488,13.453107075188488,13.453107075188488
11.24754777731606,11.225609160840701,11.220112986457995,9.754939801395892,9.035089771587629,9.366308940485263,9.285517811394348,13.453122309602488,13.453127595944146,13.453123522261842,13.453100164858297